K = 2
0.0001 0.000475584 282
0.0011 0.000519666 348
0.0021 0.00049795 316
0.0031 0.000598144 270
0.0041 0.000779532 186

K = 3
0.0001 0.000390915 260
0.0011 0.000394142 353
0.0021 0.000438436 275
0.0031 0.000538408 242
0.0041 0.00069771 179

K = 4
0.0001 0.000362984 252
0.0011 0.000354686 229
0.0021 0.000411591 251
0.0031 0.000503859 212
0.0041 0.00066861 177

K = 5
0.0001 0.000333657 219
0.0011 0.000342644 249
0.0021 0.000391521 260
0.0031 0.000485701 218
0.0041 0.000661394 176

K = 6
0.0001 0.000322688 212
0.0011 0.000332031 206
0.0021 0.000383379 228
0.0031 0.000475291 211
0.0041 0.000657846 167

K = 7
0.0001 0.000319318 185
0.0011 0.000328366 221
0.0021 0.000377602 248
0.0031 0.000469786 211
0.0041 0.000657735 158

K = 8
0.0001 0.000318467 194
0.0011 0.000325155 204
0.0021 0.000374444 227
0.0031 0.0004661 206
0.0041 0.000657735 158

K = 9
0.0001 0.000317897 188
0.0011 0.000323671 205
0.0021 0.000371817 220
0.0031 0.000464861 188
0.0041 0.000657735 160

K = 10
0.0001 0.000317694 199
0.0011 0.000322463 194
0.0021 0.000369797 186
0.0031 0.000464491 182
0.0041 0.000657735 176

