K = 2
0.00194384 0.00028 421
0.00199775 0.00029 560
0.00203368 0.0003 572
0.00206264 0.00031 505
0.00298657 0.00032 519
0.00308409 0.00033 665
0.00314051 0.00034 519
0.00318474 0.00035 440
0.00322236 0.00036 365
0.00358373 0.00037 449
0.00390075 0.00038 430
0.00444065 0.00039 732
0.00468951 0.0004 365
0.00486788 0.00041 314
0.00501462 0.00042 451
0.00514225 0.00043 390
0.00525674 0.00044 1086
0.00536145 0.00045 654
0.00545854 0.00046 433
0.00554946 0.00047 368
0.00563526 0.00048 567
0.00572488 0.00049 476
0.00585667 0.0005 538
0.00596952 0.00051 399
0.00606981 0.00052 519
0.00616099 0.00053 318
0.00624517 0.00054 596
0.00632374 0.00055 372
0.0063977 0.00056 414
0.00646777 0.00057 325
0.00653451 0.00058 661
0.00659836 0.00059 380
0.00665966 0.0006 389
0.00671869 0.00061 550
0.00677569 0.00062 476
0.00683085 0.00063 492
0.00688435 0.00064 374
0.00693632 0.00065 498
0.00698688 0.00066 368
0.00703615 0.00067 310
0.00708423 0.00068 362
0.00713118 0.00069 290
0.00717709 0.0007 279
0.00722203 0.00071 600
0.00726605 0.00072 420
0.00731264 0.00073 197
0.00735836 0.00074 563
0.00740298 0.00075 465
0.00744656 0.00076 622
0.00749519 0.00077 427
0.00754655 0.00078 400
0.00759579 0.00079 350
0.00764317 0.0008 326
0.00768886 0.00081 903
0.00773305 0.00082 383
0.00777587 0.00083 1162
0.00781744 0.00084 1057
0.00785787 0.00085 1184
0.00789724 0.00086 416
0.00793564 0.00087 435
0.00827591 0.00088 206
0.00908669 0.00089 168
0.00912015 0.0009 195
0.00914427 0.00091 202
0.00916415 0.00092 172
0.00918146 0.00093 317
0.00919699 0.00094 369
0.00921121 0.00095 575
0.00922439 0.00096 377
0.00923674 0.00097 277
0.00924839 0.00098 235
0.00925946 0.00099 231
0.00927002 0.001 654
0.00928013 0.00101 536
0.00928985 0.00102 473
0.0102457 0.00103 489
0.0102841 0.00104 234
0.0103118 0.00105 154
0.0103346 0.00106 111
0.0103544 0.00107 117
0.0103722 0.00108 242
0.0103885 0.00109 119
0.0104036 0.0011 125
0.0104178 0.00111 412
0.0104311 0.00112 696
0.0104438 0.00113 549
0.0104559 0.00114 119
0.0104674 0.00115 618
0.0104786 0.00116 81
0.0104893 0.00117 78
0.0104997 0.00118 76
0.0105097 0.00119 77
0.0105195 0.0012 74
0.0105289 0.00121 75
0.0105382 0.00122 81
0.0105472 0.00123 75
0.0105559 0.00124 79
0.0105645 0.00125 79
0.0105729 0.00126 75
0.0105811 0.00127 81
0.0105892 0.00128 82
0.0105971 0.00129 80
0.0106048 0.0013 81
0.0106124 0.00131 81
0.0106199 0.00132 80
0.0106272 0.00133 84
0.0106345 0.00134 80
0.0106416 0.00135 80
0.0106486 0.00136 84
0.0106555 0.00137 79
0.0106623 0.00138 79
0.010669 0.00139 80
0.0106757 0.0014 81
0.0106822 0.00141 79
0.0106886 0.00142 79
0.010695 0.00143 86
0.0107013 0.00144 80
0.0107075 0.00145 81
0.0107137 0.00146 80
0.0107197 0.00147 83
0.0107257 0.00148 81
0.0107317 0.00149 82
0.0107376 0.0015 79
0.0107434 0.00151 82
0.0107491 0.00152 82
0.0107548 0.00153 80
0.0107605 0.00154 81
0.0107661 0.00155 80
0.0107716 0.00156 79
0.0107771 0.00157 81
0.0107825 0.00158 79
0.0107879 0.00159 81
0.0107933 0.0016 81
0.0107986 0.00161 83
0.0108038 0.00162 80
0.010809 0.00163 85
0.0108142 0.00164 80
0.0108193 0.00165 80
0.0108244 0.00166 84
0.0108294 0.00167 80
0.0108344 0.00168 81
0.0108394 0.00169 82
0.0108443 0.0017 83
0.0108492 0.00171 78
0.010854 0.00172 81
0.0108589 0.00173 80
0.0108636 0.00174 79
0.0108684 0.00175 80
0.0108731 0.00176 83
0.0108778 0.00177 83
0.0108825 0.00178 86
0.0108871 0.00179 80
0.0108917 0.0018 79
0.0108962 0.00181 80
0.0109008 0.00182 81
0.0109053 0.00183 83
0.0109098 0.00184 85
0.0109142 0.00185 78
0.0109187 0.00186 78
0.0109231 0.00187 79
0.0109274 0.00188 81
0.0109318 0.00189 83
0.0109361 0.0019 85
0.0109404 0.00191 80
0.0109447 0.00192 80
0.0109489 0.00193 82
0.0109532 0.00194 85
0.0109574 0.00195 80
0.0109615 0.00196 80
0.0109657 0.00197 81
0.0109698 0.00198 82
0.010974 0.00199 81
K = 3
0.00254923 0.00023 3351
0.00265615 0.00024 1829
0.00336985 0.00025 793
0.0036692 0.00026 905
0.00387881 0.00027 775
0.00405003 0.00028 1119
0.00424396 0.00029 642
0.00450527 0.0003 594
0.00468838 0.00031 918
0.00483798 0.00032 514
0.00496766 0.00033 584
0.00508373 0.00034 507
0.00518975 0.00035 827
0.00553158 0.00036 1387
0.00578448 0.00037 1056
0.00598468 0.00038 742
0.00615568 0.00039 923
0.00630743 0.0004 1115
0.00644527 0.00041 830
0.00657243 0.00042 1174
0.00669108 0.00043 839
0.00680271 0.00044 373
0.00690845 0.00045 504
0.00700915 0.00046 453
0.00710545 0.00047 275
0.00719789 0.00048 348
0.0072869 0.00049 343
0.00737283 0.0005 341
0.00745599 0.00051 576
0.00753663 0.00052 386
0.00761496 0.00053 288
0.00769117 0.00054 407
0.00776542 0.00055 314
0.00783786 0.00056 351
0.00790862 0.00057 279
0.0079778 0.00058 421
0.0080455 0.00059 472
0.00811183 0.0006 242
0.00818128 0.00061 348
0.00825605 0.00062 365
0.00835601 0.00063 218
0.00842676 0.00064 318
0.00848273 0.00065 340
0.00853054 0.00066 338
0.00859367 0.00067 350
0.00865539 0.00068 337
0.00871555 0.00069 463
0.00877424 0.0007 424
0.00903625 0.00071 466
0.00965044 0.00072 296
0.00971717 0.00073 161
0.00976539 0.00074 189
0.00980515 0.00075 225
0.00983979 0.00076 243
0.00987089 0.00077 175
0.00989934 0.00078 1355
0.00992573 0.00079 735
0.00995046 0.0008 171
0.00997379 0.00081 572
0.00999595 0.00082 256
0.0100171 0.00083 737
0.0100373 0.00084 203
0.0100568 0.00085 638
0.0100756 0.00086 542
0.0100937 0.00087 741
0.0101113 0.00088 613
0.0101284 0.00089 440
0.0101449 0.0009 1042
0.0101611 0.00091 1160
0.0101768 0.00092 163
0.0101922 0.00093 615
0.0102072 0.00094 135
0.0102218 0.00095 736
0.0102362 0.00096 457
0.0102503 0.00097 340
0.0102641 0.00098 131
0.0102777 0.00099 763
0.010291 0.001 340
0.0103041 0.00101 128
0.0103169 0.00102 277
0.0103296 0.00103 205
0.010342 0.00104 763
0.0103543 0.00105 149
0.0103664 0.00106 490
0.0103783 0.00107 812
0.0103901 0.00108 159
0.0104017 0.00109 535
0.0104131 0.0011 124
0.0104244 0.00111 1163
0.0104355 0.00112 130
0.0104465 0.00113 150
0.0104574 0.00114 129
0.0104674 0.00115 127
0.0104786 0.00116 76
0.0104893 0.00117 78
0.0104997 0.00118 75
0.0105097 0.00119 75
0.0105195 0.0012 77
0.0105289 0.00121 76
0.0105382 0.00122 77
0.0105472 0.00123 76
0.0105559 0.00124 74
0.0105645 0.00125 77
0.0105729 0.00126 77
0.0105811 0.00127 77
0.0105892 0.00128 77
0.0105971 0.00129 75
0.0106048 0.0013 74
0.0106124 0.00131 74
0.0106199 0.00132 75
0.0106272 0.00133 74
0.0106345 0.00134 76
0.0106416 0.00135 76
0.0106486 0.00136 74
0.0106555 0.00137 75
0.0106623 0.00138 78
0.010669 0.00139 74
0.0106757 0.0014 75
0.0106822 0.00141 81
0.0106886 0.00142 73
0.010695 0.00143001 78
0.0107013 0.00144 78
0.0107075 0.00145 75
0.0107137 0.00146 77
0.0107197 0.00147 76
0.0107257 0.00148 75
0.0107317 0.00149 76
0.0107376 0.0015 76
0.0107434 0.00151 74
0.0107491 0.00152 76
0.0107548 0.00153 78
0.0107605 0.00154 76
0.0107661 0.00155 79
0.0107716 0.00156 79
0.0107771 0.00157 76
0.0107825 0.00158 77
0.0107879 0.00159 79
0.0107933 0.0016 75
0.0107986 0.00161 80
0.0108038 0.00162 76
0.010809 0.00163 76
0.0108142 0.00164 79
0.0108193 0.00165 76
0.0108244 0.00166 74
0.0108294 0.00167 76
0.0108344 0.00168 76
0.0108394 0.00169 75
0.0108443 0.0017 77
0.0108492 0.00171 75
0.010854 0.00172 75
0.0108589 0.00173 76
0.0108636 0.00174 78
0.0108684 0.00175 76
0.0108731 0.00176 77
0.0108778 0.00177 80
0.0108825 0.00178 74
0.0108871 0.00179 76
0.0108917 0.0018 76
0.0108962 0.00181 75
0.0109008 0.00182 76
0.0109053 0.00183 78
0.0109098 0.00184 75
0.0109142 0.00185 79
0.0109187 0.00186 80
0.0109231 0.00187 75
0.0109274 0.00188 77
0.0109318 0.00189 78
0.0109361 0.0019 74
0.0109404 0.00191 81
0.0109447 0.00192 81
0.0109489 0.00193 78
0.0109532 0.00194 76
0.0109574 0.00195 79
0.0109615 0.00196 75
0.0109657 0.00197 75
0.0109698 0.00198 77
0.010974 0.00199 79
K = 4
0.00325911 0.00021 7033
0.00366724 0.00022 6794
0.00390281 0.00023 3667
0.00408743 0.00024 8423
0.00424443 0.00025 4437
0.00447796 0.00026 3674
0.004723 0.00027 2033
0.00493374 0.00028 1511
0.00512001 0.00029 1364
0.005315 0.0003 1146
0.00552017 0.00031 1215
0.0056964 0.00032 791
0.00592506 0.00033 827
0.00613206 0.00034 730
0.00630762 0.00035 570
0.00646279 0.00036 475
0.00660338 0.00037 488
0.00673443 0.00038 440
0.00689247 0.00039 430
0.00703725 0.0004 571
0.00717163 0.00041 447
0.00729759 0.00042 373
0.00741652 0.00043 373
0.00752949 0.00044 754
0.00766162 0.00045 362
0.00779913 0.00046 335
0.00792209 0.00047 353
0.00803432 0.00048 421
0.00813822 0.00049 250
0.00823541 0.0005 1260
0.00832705 0.00051 772
0.00841398 0.00052 489
0.00849687 0.00053 492
0.00857624 0.00054 1050
0.00886328 0.00055 188
0.00898248 0.00056 241
0.00906949 0.00057 511
0.0091415 0.00058 207
0.00920433 0.00059 220
0.00926079 0.0006 299
0.0093125 0.00061 320
0.00936048 0.00062 220
0.00940545 0.00063 488
0.0094479 0.00064 538
0.00948822 0.00065 393
0.0095267 0.00066 214
0.00956358 0.00067 343
0.00959902 0.00068 446
0.0096332 0.00069 274
0.00966624 0.0007 841
0.00969824 0.00071 273
0.0097293 0.00072 1139
0.0097595 0.00073 701
0.00978889 0.00074 1202
0.00981756 0.00075 190
0.00984553 0.00076 704
0.00987287 0.00077 671
0.00989934 0.00078 264
0.00992573 0.00079 514
0.00995046 0.0008 223
0.00997379 0.00081 430
0.00999595 0.00082 309
0.0100171 0.00083 773
0.0100373 0.00084 552
0.0100568 0.00085 741
0.0100756 0.00086 276
0.0100937 0.00087 322
0.0101113 0.00088 517
0.0101284 0.00089 179
0.0101449 0.0009 218
0.0101611 0.00091 632
0.0101768 0.00092 180
0.0101922 0.00093 225
0.0102072 0.00094 907
0.0102218 0.00095 170
0.0102362 0.00096 493
0.0102503 0.00097 518
0.0102641 0.00098 706
0.0102777 0.00099 510
0.010291 0.001 564
0.0103041 0.00101 195
0.0103169 0.00102 191
0.0103296 0.00103 735
0.010342 0.00104 467
0.0103543 0.00105 277
0.0103664 0.00106 153
0.0103783 0.00107 1400
0.0103901 0.00108 364
0.0104017 0.00109 706
0.0104131 0.0011 180
0.0104244 0.00111 579
0.0104355 0.00112 157
0.0104465 0.00113 772
0.0104574 0.00114 186
0.0104674 0.00115 183
0.0104786 0.00116 79
0.0104893 0.00117 93
0.0104997 0.00118 77
0.0105097 0.00119 75
0.0105195 0.0012 80
0.0105289 0.00121 76
0.0105382 0.00122 75
0.0105472 0.00123 76
0.0105559 0.00124 77
0.0105645 0.00125 74
0.0105729 0.00126 74
0.0105811 0.00127 75
0.0105892 0.00128 75
0.0105971 0.00129 78
0.0106048 0.0013 82
0.0106124 0.00131 74
0.0106199 0.00132 76
0.0106272 0.00133 84
0.0106345 0.00134 74
0.0106416 0.00135 81
0.0106486 0.00136 75
0.0106555 0.00137 76
0.0106623 0.00138 79
0.010669 0.00139 89
0.0106757 0.0014 74
0.0106822 0.00141 77
0.0106886 0.00142 78
0.010695 0.00143 78
0.0107013 0.00144 77
0.0107075 0.00145 75
0.0107137 0.00146 74
0.0107197 0.00147 75
0.0107257 0.00148 76
0.0107317 0.00149 74
0.0107376 0.0015 76
0.0107434 0.00151 76
0.0107491 0.00152 75
0.0107548 0.00153 78
0.0107605 0.00154 81
0.0107661 0.00155 76
0.0107716 0.00156 82
0.0107771 0.00157 79
0.0107825 0.00158 75
0.0107879 0.00159 80
0.0107933 0.0016 81
0.0107986 0.00161 74
0.0108038 0.00162 75
0.010809 0.00163 79
0.0108142 0.00164 74
0.0108193 0.00165 75
0.0108244 0.00166 77
0.0108294 0.00167 78
0.0108344 0.00168 78
0.0108394 0.00169 76
0.0108443 0.0017 74
0.0108492 0.00171 76
0.010854 0.00172 80
0.0108589 0.00173 74
0.0108636 0.00174 75
0.0108684 0.00175 110
0.0108731 0.00176 74
0.0108778 0.00177 79
0.0108825 0.00178 77
0.0108871 0.00179 78
0.0108917 0.0018 76
0.0108962 0.00181 76
0.0109008 0.00182 77
0.0109053 0.00183 78
0.0109098 0.00184 74
0.0109142 0.00185 77
0.0109187 0.00186 77
0.0109231 0.00187 76
0.0109274 0.00188 75
0.0109318 0.00189 82
0.0109361 0.0019 74
0.0109404 0.00191 76
0.0109447 0.00192 78
0.0109489 0.00193 77
0.0109532 0.00194 81
0.0109574 0.00195 79
0.0109615 0.00196 76
0.0109657 0.00197 77
0.0109698 0.00198 83
0.010974 0.00199 78
K = 5
0.00270132 0.00019 64353
0.00378525 0.0002 21499
0.00410605 0.00021 20803
0.00433135 0.00022 32128
0.00451553 0.00023 18141
0.00467523 0.00024 12676
0.00490449 0.00025 7660
0.00515227 0.00026 7115
0.00537072 0.00027 4182
0.00559656 0.00028 2986
0.00581159 0.00029 2122
0.00599331 0.0003 1563
0.00615361 0.00031 2700
0.00638378 0.00032 1245
0.00660101 0.00033 1208
0.00678725 0.00034 826
0.00695287 0.00035 860
0.00710352 0.00036 776
0.00724263 0.00037 589
0.00737251 0.00038 452
0.00749479 0.00039 312
0.00764574 0.0004 457
0.00777931 0.00041 370
0.00789945 0.00042 376
0.00800955 0.00043 530
0.00811176 0.00044 373
0.00820758 0.00045 247
0.00829806 0.00046 323
0.00838402 0.00047 199
0.00846607 0.00048 196
0.00854819 0.00049 256
0.00862688 0.0005 197
0.00871689 0.00051 262
0.00880683 0.00052 276
0.00888469 0.00053 187
0.00895433 0.00054 212
0.00901791 0.00055 196
0.00907677 0.00056 254
0.00913184 0.00057 372
0.00918377 0.00058 214
0.00923304 0.00059 194
0.00928001 0.0006 213
0.00932499 0.00061 174
0.00936821 0.00062 221
0.00940985 0.00063 177
0.00945009 0.00064 557
0.00948822 0.00065 282
0.0095267 0.00066 212
0.00956358 0.00067 229
0.00959902 0.00068 264
0.0096332 0.00069 251
0.00966624 0.0007 186
0.00969824 0.00071 199
0.0097293 0.00072 194
0.0097595 0.00073 213
0.00978889 0.00074 182
0.00981756 0.00075 191
0.00984553 0.00076 193
0.00987287 0.00077 194
0.00989934 0.00078 683
0.00992573 0.00079 215
0.00995046 0.0008 256
0.00997379 0.00081 219
0.00999595 0.00082 237
0.0100171 0.00083 176
0.0100373 0.00084 183
0.0100568 0.00085 188
0.0100756 0.00086 233
0.0100937 0.00087 192
0.0101113 0.00088 171
0.0101284 0.00089 303
0.0101449 0.0009 227
0.0101611 0.00091 185
0.0101768 0.00092 184
0.0101922 0.00093 185
0.0102072 0.00094 159
0.0102218 0.00095 303
0.0102362 0.00096 423
0.0102503 0.00097 266
0.0102641 0.00098 151
0.0102777 0.00099 160
0.010291 0.001 290
0.0103041 0.00101 193
0.0103169 0.00102 175
0.0103296 0.00103 246
0.010342 0.00104 188
0.0103543 0.00105 177
0.0103664 0.00106 165
0.0103783 0.00107 152
0.0103901 0.00108 164
0.0104017 0.00109 151
0.0104131 0.0011 150
0.0104244 0.00111 190
0.0104355 0.00112 181
0.0104465 0.00113 204
0.0104574 0.00114 262
0.0104674 0.00115 568
0.0104786 0.00116 78
0.0104893 0.00117 80
0.0104997 0.00118 74
0.0105097 0.00119 76
0.0105195 0.0012 73
0.0105289 0.00121 73
0.0105382 0.00122 73
0.0105472 0.00123 72
0.0105559 0.00124 73
0.0105645 0.00125 73
0.0105729 0.00126 72
0.0105811 0.00127 73
0.0105892 0.00128 73
0.0105971 0.00129 72
0.0106048 0.0013 73
0.0106124 0.00131 73
0.0106199 0.00132 72
0.0106272 0.00133 72
0.0106345 0.00134 75
0.0106416 0.00135 73
0.0106486 0.00136 74
0.0106555 0.00137 74
0.0106623 0.00138 73
0.010669 0.00139 73
0.0106757 0.0014 75
0.0106822 0.00141 73
0.0106886 0.00142 73
0.010695 0.00143 75
0.0107013 0.00144 73
0.0107075 0.00145 74
0.0107137 0.00146 74
0.0107197 0.00147 73
0.0107257 0.00148 72
0.0107317 0.00149 75
0.0107376 0.0015 73
0.0107434 0.00151 75
0.0107491 0.00152 73
0.0107548 0.00153 72
0.0107605 0.00154 73
0.0107661 0.00155 74
0.0107716 0.00156 74
0.0107771 0.00157 76
0.0107825 0.00158 77
0.0107879 0.00159 73
0.0107933 0.0016 74
0.0107986 0.00161 73
0.0108038 0.00162 74
0.010809 0.00163 73
0.0108142 0.00164 74
0.0108193 0.00165 73
0.0108244 0.00166 73
0.0108294 0.00167 74
0.0108344 0.00168 73
0.0108394 0.00169 73
0.0108443 0.0017 74
0.0108492 0.00171 73
0.010854 0.00172 73
0.0108589 0.00173 74
0.0108636 0.00174 73
0.0108684 0.00175 73
0.0108731 0.00176 74
0.0108778 0.00177 73
0.0108825 0.00178 73
0.0108871 0.00179 73
0.0108917 0.0018 73
0.0108962 0.00181 74
0.0109008 0.00182 75
0.0109053 0.00183 72
0.0109098 0.00184 73
0.0109142 0.00185 74
0.0109187 0.00186 74
0.0109231 0.00187 73
0.0109274 0.00188 74
0.0109318 0.00189 73
0.0109361 0.0019 74
0.0109404 0.00191 74
0.0109447 0.00192 73
0.0109489 0.00193 73
0.0109532 0.00194 74
0.0109574 0.00195 73
0.0109615 0.00196 73
0.0109657 0.00197 75
0.0109698 0.00198 73
0.010974 0.00199 73
K = 6
0.00319181 0.00018 160438
0.00392559 0.00019 80555
0.00428868 0.0002 71367
0.00460735 0.00021 48628
0.00485013 0.00022 36989
0.00505423 0.00023 22916
0.00523378 0.00024 16400
0.00541342 0.00025 15786
0.00564497 0.00026 11485
0.00592592 0.00027 6591
0.00616933 0.00028 2518
0.00637301 0.00029 1625
0.00655175 0.0003 1145
0.00671294 0.00031 3018
0.00686092 0.00032 1697
0.00699848 0.00033 1305
0.00715103 0.00034 1315
0.00729348 0.00035 900
0.00742252 0.00036 723
0.00754136 0.00037 831
0.00765209 0.00038 856
0.00775617 0.00039 437
0.00785467 0.0004 900
0.00794841 0.00041 363
0.00804134 0.00042 754
0.00814424 0.00043 545
0.00823925 0.00044 804
0.00832795 0.00045 422
0.00841145 0.00046 290
0.00849057 0.00047 283
0.00856594 0.00048 342
0.00863804 0.00049 264
0.00870726 0.0005 463
0.00877392 0.00051 240
0.0088383 0.00052 259
0.0089006 0.00053 184
0.00896101 0.00054 211
0.00901971 0.00055 190
0.00907682 0.00056 297
0.00913184 0.00057 444
0.00918377 0.00058 297
0.00923304 0.00059 265
0.00928001 0.0006 236
0.00932499 0.00061 224
0.00936821 0.00062 221
0.00940985 0.00063 240
0.00945009 0.00064 202
0.00948822 0.00065 324
0.0095267 0.00066 249
0.00956358 0.00067 223
0.00959902 0.00068 254
0.0096332 0.00069 286
0.00966624 0.0007 348
0.00969824 0.00071 250
0.0097293 0.00072 210
0.0097595 0.00073 281
0.00978889 0.00074 264
0.00981756 0.00075 282
0.00984553 0.00076 250
0.00987288 0.00077 255
0.00989934 0.00078 288
0.00992573 0.00079 233
0.00995046 0.0008 186
0.00997379 0.00081 202
0.00999595 0.00082 197
0.0100171 0.00083 186
0.0100373 0.00084 260
0.0100568 0.00085 283
0.0100756 0.00086 195
0.0100937 0.00087 236
0.0101113 0.00088 188
0.0101284 0.00089 185
0.0101449 0.0009 272
0.0101611 0.00091 190
0.0101768 0.00092 331
0.0101922 0.00093 231
0.0102072 0.00094 153
0.0102218 0.00095 190
0.0102362 0.00096 172
0.0102503 0.00097 186
0.0102641 0.00098 155
0.0102777 0.00099 173
0.010291 0.001 181
0.0103041 0.00101 175
0.0103169 0.00102 214
0.0103296 0.00103 141
0.010342 0.00104 139
0.0103543 0.00105 147
0.0103664 0.00106 276
0.0103783 0.00107 162
0.0103901 0.00108 150
0.0104017 0.00109 193
0.0104131 0.0011 189
0.0104244 0.00111 192
0.0104355 0.00112 212
0.0104465 0.00113 143
0.0104574 0.00114 158
0.0104674 0.00115 136
0.0104786 0.00116 80
0.0104893 0.00117 80
0.0104997 0.00118 76
0.0105097 0.00119 73
0.0105195 0.0012 73
0.0105289 0.00121 74
0.0105382 0.00122 73
0.0105472 0.00123 73
0.0105559 0.00124 73
0.0105645 0.00125 74
0.0105729 0.00126 74
0.0105811 0.00127 74
0.0105892 0.00128 75
0.0105971 0.00129 73
0.0106048 0.0013 74
0.0106124 0.00131 75
0.0106199 0.00132 73
0.0106272 0.00133 73
0.0106345 0.00134 75
0.0106416 0.00135 74
0.0106486 0.00136 74
0.0106555 0.00137 73
0.0106623 0.00138 74
0.010669 0.00139 74
0.0106757 0.0014 75
0.0106822 0.00141 74
0.0106886 0.00142 74
0.010695 0.00143 74
0.0107013 0.00144 72
0.0107075 0.00145 73
0.0107137 0.00146 74
0.0107197 0.00147 73
0.0107257 0.00148 73
0.0107317 0.00149 74
0.0107376 0.0015 74
0.0107434 0.00151 74
0.0107491 0.00152 75
0.0107548 0.00153 74
0.0107605 0.00154 74
0.0107661 0.00155 75
0.0107716 0.00156 73
0.0107771 0.00157 74
0.0107825 0.00158 74
0.0107879 0.00159 73
0.0107933 0.0016 73
0.0107986 0.00161 76
0.0108038 0.00162 73
0.010809 0.00163 73
0.0108142 0.00164 74
0.0108193 0.00165 73
0.0108244 0.00166 73
0.0108294 0.00167 74
0.0108344 0.00168 73
0.0108394 0.00169 73
0.0108443 0.0017 74
0.0108492 0.00171 73
0.010854 0.00172 73
0.0108589 0.00173 74
0.0108636 0.00174 73
0.0108684 0.00175 73
0.0108731 0.00176 73
0.0108778 0.00177 72
0.0108825 0.00178 74
0.0108871 0.00179 75
0.0108917 0.0018 73
0.0108962 0.00181 74
0.0109008 0.00182 74
0.0109053 0.00183 72
0.0109098 0.00184 73
0.0109142 0.00185 75
0.0109187 0.00186 72
0.0109231 0.00187 72
0.0109274 0.00188 74
0.0109318 0.00189 72
0.0109361 0.0019 73
0.0109404 0.00191 74
0.0109447 0.00192 72
0.0109489 0.00193 73
0.0109532 0.00194 75
0.0109574 0.00195 73
0.0109615 0.00196 74
0.0109657 0.00197 74
0.0109698 0.00198 72
0.010974 0.00199 74
K = 7
0.00462456 0.0002 174015
0.00588377 0.00025 10940
0.0067657 0.0003 3138
0.00741098 0.00035 1815
0.00793673 0.0004 1379
0.00835316 0.00045 781
0.00870832 0.0005 553
0.00901971 0.00055 204
0.00928001 0.0006 192
0.00948822 0.00065 228
0.00966624 0.0007 264
0.00981756 0.00075 186
0.00995046 0.0008 254
0.0100568 0.00085 184
0.0101449 0.0009 278
0.0102218 0.00095 162
0.010291 0.001 144
0.0103543 0.00105 146
0.0104131 0.0011 198
0.0104674 0.00115 232
0.0105195 0.0012 76
0.0105645 0.00125 75
0.0106048 0.0013 73
0.0106416 0.00135 73
0.0106757 0.0014 74
0.0107075 0.00145 71
0.0107376 0.0015 73
0.0107661 0.00155 74
0.0107933 0.0016 72
0.0108193 0.00165 72
0.0108443 0.0017 73
0.0108684 0.00175 73
0.0108917 0.0018 72
0.0109142 0.00185 73
0.0109361 0.0019 73
0.0109574 0.00195 72
0.0109781 0.002 74
K = 8
0.00492529 0.0002 454545
0.00605393 0.00025 14052
0.00684394 0.0003 12694
0.00746447 0.00035 9620
0.00795013 0.0004 2694
0.00835446 0.00045 784
0.0087075 0.0005 551
0.00901971 0.00055 228
0.00928001 0.0006 250
0.00948822 0.00065 511
0.00966624 0.0007 211
0.00981756 0.00075 221
0.00995046 0.0008 190
0.0100568 0.00085 214
0.0101449 0.0009 192
0.0102218 0.00095 158
0.010291 0.001 144
0.0103543 0.00105 193
0.0104131 0.0011 166
0.0104674 0.00115 208
0.0105195 0.0012 73
0.0105645 0.00125 73
0.0106048 0.0013 73
0.0106416 0.00135 74
0.0106757 0.0014 71
0.0107075 0.00145 71
0.0107376 0.0015 71
0.0107661 0.00155 72
0.0107933 0.0016 71
0.0108193 0.00165 71
0.0108443 0.0017 71
0.0108684 0.00175 72
0.0108917 0.0018 72
0.0109142 0.00185 71
0.0109361 0.0019 72
0.0109574 0.00195 72
0.0109781 0.002 72
K = 9
0.00508156 0.0002 276128
0.00613122 0.00025 15594
0.00689248 0.0003 21269
0.00748281 0.00035 9675
0.00795348 0.0004 2467
0.00835447 0.00045 991
0.00870832 0.0005 700
0.00901971 0.00055 291
0.00928001 0.0006 262
0.00948822 0.00065 354
0.00966624 0.0007 177
0.00981756 0.00075 242
0.00995046 0.0008 265
0.0100568 0.00085 206
0.0101449 0.0009 201
0.0102218 0.00095 250
0.010291 0.001 210
0.0103543 0.00105 168
0.0104131 0.0011 218
0.0104674 0.00115 190
0.0105195 0.0012 73
0.0105645 0.00125 74
0.0106048 0.0013 73
0.0106416 0.00135 73
0.0106757 0.0014 73
0.0107075 0.00145 72
0.0107376 0.0015 75
0.0107661 0.00155 74
0.0107933 0.0016 74
0.0108193 0.00165 74
0.0108443 0.0017 73
0.0108684 0.00175 74
0.0108917 0.0018 74
0.0109142 0.00185 73
0.0109361 0.0019 73
0.0109574 0.00195 73
0.0109781 0.002 74
K = 10
0.0051882 0.0002 187403
0.0061974 0.00025 5510
0.00692323 0.0003 35637
0.00749016 0.00035 12879
0.00795448 0.0004 2786
0.00835538 0.00045 807
0.00870832 0.0005 610
0.00901971 0.00055 246
0.00928001 0.0006 290
0.00948822 0.00065 374
0.00966624 0.0007 203
0.00981756 0.00075 264
0.00995046 0.0008 153
0.0100568 0.00085 196
0.0101449 0.0009 172
0.0102218 0.00095 188
0.010291 0.001 194
0.0103543 0.00105 197
0.0104131 0.0011 191
0.0104674 0.00115 164
0.0105195 0.0012 77
0.0105645 0.00125 74
0.0106048 0.0013 76
0.0106416 0.00135 74
0.0106757 0.0014 73
0.0107075 0.00145 76
0.0107376 0.0015 74
0.0107661 0.00155 73
0.0107933 0.0016 73
0.0108193 0.00165 74
0.0108443 0.0017 73
0.0108684 0.00175 74
0.0108917 0.0018 74
0.0109142 0.00185 75
0.0109361 0.0019 74
0.0109574 0.00195 75
0.0109781 0.002 73
